data/hand/0001.jpg 0 0 2697 3315 2596 1582 1982 449 1344 192 896 344 287 782 520 1963 873 1706 1230 1739 1601 1849 2120 2563 
data/hand/0002.jpg 0 0 262 350 235 194 155 59 113 37 74 47 25 86 50 179 75 164 102 163 130 169 175 240 
data/hand/0003.jpg 0 0 900 755 738 367 591 129 402 69 259 122 161 277 304 428 357 365 426 356 513 380 626 527 
data/hand/0004.jpg 0 0 1536 2115 1344 985 1017 231 626 106 272 231 75 524 232 1367 417 1327 647 1288 932 1285 1175 1731 
data/hand/0005.jpg 0 0 639 830 616 398 491 111 351 37 230 66 87 193 129 490 189 449 277 451 286 443 380 496 476 602 
data/hand/0006.jpg 0 0 805 905 758 384 541 62 412 32 252 78 94 253 185 552 273 466 385 435 509 456 680 683 
data/hand/0007.jpg 0 0 720 761 664 274 536 55 399 17 315 56 172 202 271 408 349 342 420 331 511 347 632 495 
data/hand/0008.jpg 0 0 1140 1600 1007 591 634 91 498 2 398 107 268 330 237 850 348 750 491 686 687 730 873 1000 
data/hand/0009.jpg 0 0 240 320 214 123 176 34 116 12 70 28 24 86 51 204 81 181 110 168 147 168 197 224 
data/hand/0010.jpg 0 0 567 672 497 378 377 124 309 69 211 84 143 148 145 361 203 333 264 331 326 360 371 474 
data/hand/0011.jpg 0 0 840 1092 780 662 703 257 557 145 394 131 172 236 206 581 308 537 400 564 499 630 572 814 
data/hand/0012.jpg 0 0 388 437 344 410 349 117 294 48 232 37 124 87 92 267 142 255 183 284 223 309 225 405 
data/hand/0013.jpg 0 0 236 364 204 142 144 23 103 5 66 30 30 91 37 229 71 195 108 188 152 189 213 277 
data/hand/0014.jpg 0 0 233 359 211 142 147 23 104 5 62 35 18 92 18 228 47 201 85 187 128 192 198 267 
data/hand/0015.jpg 0 0 480 640 273 151 73 44 4 46 10 117 22 218 172 420 195 363 222 305 286 254 433 286 
data/hand/0016.jpg 0 0 304 463 257 154 169 43 100 29 80 54 54 122 77 285 123 254 158 227 210 220 268 292 
data/hand/0017.jpg 0 0 355 500 346 177 253 17 194 4 143 24 89 87 92 254 129 210 179 195 240 204 320 304 
data/hand/0018.jpg 0 0 307 444 276 170 165 46 111 28 83 52 48 118 71 279 110 247 152 226 203 228 243 294 
data/hand/0019.jpg 0 0 393 552 362 279 260 64 219 27 187 61 122 137 89 326 128 316 178 306 229 317 287 414 
data/hand/0020.jpg 0 0 768 1024 716 525 570 216 428 148 290 206 150 339 173 630 276 546 393 520 524 555 676 829 
data/hand/0021.jpg 0 0 425 474 321 105 146 25 68 43 44 107 46 233 155 362 170 287 205 259 267 237 366 278 
data/hand/0022.jpg 0 0 232 217 198 127 186 45 161 8 117 20 65 52 60 152 86 146 113 145 140 158 163 210 
data/hand/0023.jpg 0 0 200 266 173 107 143 33 108 16 60 34 18 86 61 173 85 153 111 145 141 144 185 184 
data/hand/0024.jpg 0 0 510 680 435 354 317 136 263 96 220 137 165 216 134 433 191 399 256 382 324 404 398 538 
data/hand/0025.jpg 0 0 520 774 451 356 357 101 308 44 244 93 192 188 112 461 175 417 251 414 318 443 396 598 
data/hand/0026.jpg 0 0 162 226 156 122 121 37 88 21 61 37 35 64 29 140 50 127 69 128 97 130 130 181 
data/hand/0027.png 0 0 467 572 440 218 322 31 198 15 121 66 13 192 130 378 173 339 226 313 292 314 378 412 
data/hand/0028.png 0 0 516 575 511 264 317 55 242 24 155 53 59 149 105 374 162 332 225 303 304 312 420 474 
data/hand/0029.png 0 0 439 541 405 244 305 49 210 17 135 43 49 135 83 355 141 314 204 295 286 316 370 449 
data/hand/0030.png 0 0 424 431 361 242 315 85 205 35 128 78 87 138 106 288 157 259 200 257 262 272 334 380 
data/hand/0031.png 0 0 176 301 170 133 140 54 124 36 106 49 73 82 58 163 83 156 112 149 138 152 161 205 
data/hand/0032.png 0 0 191 264 158 131 113 56 87 40 72 53 51 89 54 176 81 156 106 151 134 154 160 210 
data/hand/0033.jpg 0 0 1413 2146 1285 992 1019 237 679 89 379 237 176 568 194 1334 416 1180 649 1174 940 1301 1225 1637 
data/hand/0035.jpg 0 0 642 794 591 326 290 81 144 88 63 158 9 290 144 571 200 507 284 463 386 448 556 575 
data/hand/0036.jpg 0 0 198 252 190 105 170 24 123 5 89 17 30 63 69 145 91 129 114 121 139 130 170 178 
data/hand/0037.jpg 0 0 222 294 207 143 144 33 95 4 59 24 30 56 40 183 66 171 98 167 128 182 165 227 
